Data from EZ Alamanac 2023 https://www.amazon.de/2023-EZ-Celestial-Nautical-Almanac/dp/B0B289PRR7/

2023 January 01 (Sun)  dUT1=UT1-UTC=-0.0199s  dTT=TT-UT1=+69.2039s

UT |        Sun        |               Moon                |   Aries  |    Venus          |     Mars          |   Jupiter         |    Saturn         |
   |    GHA      Dec   |    GHA     v     Dec      d   HP  |    GHA   |    GHA      Dec   |    GHA      Dec   |    GHA      Dec   |    GHA      Dec   |
 h |   °   '    °   '  |   °   '    '    °   '     '    '  |   °   '  |   °   '    °   '  |   °   '    °   '  |   °   '    °   '  |   °   '    °   '  |
 0 | 179 12.0 -23  2.4 |  68 43.6 13.8  12  3.2  13.4 56.3 | 100 23.3 | 160 39.0 -22  2.2 |  33 29.7  24 35.3 |  98 46.9  -0 42.4 | 135 11.7 -15 12.9 |
 1 | 194 11.7 -23  2.2 |  83 16.4 13.8  12 16.6  13.3 56.3 | 115 25.8 | 175 38.2 -22  1.6 |  48 32.6  24 35.3 | 113 49.1  -0 42.2 | 150 13.9 -15 12.8 |
 2 | 209 11.4 -23  2.0 |  97 49.2 13.8  12 29.9  13.2 56.2 | 130 28.2 | 190 37.3 -22  1.1 |  63 35.5  24 35.2 | 128 51.3  -0 42.1 | 165 16.2 -15 12.7 |
 3 | 224 11.1 -23  1.8 | 112 22.0 13.8  12 43.2  13.2 56.2 | 145 30.7 | 205 36.5 -22  0.5 |  78 38.4  24 35.2 | 143 53.5  -0 42.0 | 180 18.4 -15 12.6 |
 4 | 239 10.8 -23  1.6 | 126 54.8 13.7  12 56.3  13.1 56.2 | 160 33.2 | 220 35.6 -21 59.9 |  93 41.3  24 35.1 | 158 55.7  -0 41.9 | 195 20.6 -15 12.6 |
 5 | 254 10.5 -23  1.4 | 141 27.5 13.7  13  9.4  13.0 56.2 | 175 35.6 | 235 34.7 -21 59.4 | 108 44.2  24 35.1 | 173 57.9  -0 41.7 | 210 22.8 -15 12.5 |
 6 | 269 10.2 -23  1.2 | 156  0.2 13.7  13 22.5  13.0 56.1 | 190 38.1 | 250 33.9 -21 58.8 | 123 47.1  24 35.0 | 189  0.1  -0 41.6 | 225 25.0 -15 12.4 |
 7 | 284  9.9 -23  1.0 | 170 32.9 13.6  13 35.5  12.9 56.1 | 205 40.6 | 265 33.0 -21 58.2 | 138 50.0  24 35.0 | 204  2.3  -0 41.5 | 240 27.3 -15 12.3 |
 8 | 299  9.6 -23  0.8 | 185  5.5 13.6  13 48.4  12.8 56.1 | 220 43.0 | 280 32.2 -21 57.6 | 153 52.9  24 34.9 | 219  4.5  -0 41.3 | 255 29.5 -15 12.2 |
 9 | 314  9.3 -23  0.6 | 199 38.2 13.6  14  1.2  12.8 56.0 | 235 45.5 | 295 31.3 -21 57.1 | 168 55.8  24 34.9 | 234  6.7  -0 41.2 | 270 31.7 -15 12.1 |
10 | 329  9.0 -23  0.4 | 214 10.7 13.6  14 14.0  12.7 56.0 | 250 48.0 | 310 30.5 -21 56.5 | 183 58.7  24 34.9 | 249  8.8  -0 41.1 | 285 33.9 -15 12.1 |
11 | 344  8.7 -23  0.2 | 228 43.3 13.5  14 26.6  12.6 56.0 | 265 50.4 | 325 29.6 -21 55.9 | 199  1.6  24 34.8 | 264 11.0  -0 40.9 | 300 36.1 -15 12.0 |
12 | 359  8.4 -23  0.0 | 243 15.8 13.5  14 39.3  12.5 56.0 | 280 52.9 | 340 28.8 -21 55.3 | 214  4.4  24 34.8 | 279 13.2  -0 40.8 | 315 38.3 -15 11.9 |
13 |  14  8.2 -22 59.8 | 257 48.3 13.5  14 51.8  12.5 55.9 | 295 55.4 | 355 27.9 -21 54.8 | 229  7.3  24 34.7 | 294 15.4  -0 40.7 | 330 40.6 -15 11.8 |
14 |  29  7.9 -22 59.6 | 272 20.8 13.4  15  4.3  12.4 55.9 | 310 57.8 |  10 27.1 -21 54.2 | 244 10.2  24 34.7 | 309 17.6  -0 40.6 | 345 42.8 -15 11.7 |
15 |  44  7.6 -22 59.3 | 286 53.2 13.4  15 16.7  12.3 55.9 | 326  0.3 |  25 26.2 -21 53.6 | 259 13.1  24 34.6 | 324 19.8  -0 40.4 |   0 45.0 -15 11.7 |
16 |  59  7.3 -22 59.1 | 301 25.6 13.4  15 29.0  12.2 55.9 | 341  2.7 |  40 25.4 -21 53.0 | 274 16.0  24 34.6 | 339 22.0  -0 40.3 |  15 47.2 -15 11.6 |
17 |  74  7.0 -22 58.9 | 315 58.0 13.3  15 41.2  12.2 55.8 | 356  5.2 |  55 24.5 -21 52.4 | 289 18.8  24 34.6 | 354 24.2  -0 40.2 |  30 49.4 -15 11.5 |
18 |  89  6.7 -22 58.7 | 330 30.3 13.3  15 53.3  12.1 55.8 |  11  7.7 |  70 23.7 -21 51.8 | 304 21.7  24 34.5 |   9 26.3  -0 40.0 |  45 51.7 -15 11.4 |
19 | 104  6.4 -22 58.5 | 345  2.6 13.2  16  5.4  12.0 55.8 |  26 10.1 |  85 22.8 -21 51.3 | 319 24.6  24 34.5 |  24 28.5  -0 39.9 |  60 53.9 -15 11.3 |
20 | 119  6.1 -22 58.3 | 359 34.8 13.2  16 17.4  11.9 55.8 |  41 12.6 | 100 22.0 -21 50.7 | 334 27.4  24 34.4 |  39 30.7  -0 39.8 |  75 56.1 -15 11.2 |
21 | 134  5.8 -22 58.1 |  14  7.0 13.2  16 29.3  11.8 55.7 |  56 15.1 | 115 21.1 -21 50.1 | 349 30.3  24 34.4 |  54 32.9  -0 39.6 |  90 58.3 -15 11.2 |
22 | 149  5.5 -22 57.9 |  28 39.2 13.1  16 41.2  11.7 55.7 |  71 17.5 | 130 20.3 -21 49.5 |   4 33.2  24 34.3 |  69 35.1  -0 39.5 | 106  0.5 -15 11.1 |
23 | 164  5.2 -22 57.6 |  43 11.3 13.1  16 52.9  11.7 55.7 |  86 20.0 | 145 19.4 -21 48.9 |  19 36.0  24 34.3 |  84 37.3  -0 39.4 | 121  2.8 -15 11.0 |
 0 | 179  4.9 -22 57.4 |  57 43.4 13.1  17  4.6  11.6 55.7 | 101 22.5 | 160 18.6 -21 48.3 |  34 38.9  24 34.3 |  99 39.5  -0 39.2 | 136  5.0 -15 10.9 |
 1 | 194  4.6 -22 57.2 |  72 15.5 13.0  17 16.2  11.5 55.6 | 116 24.9 | 175 17.7 -21 47.7 |  49 41.8  24 34.2 | 114 41.6  -0 39.1 | 151  7.2 -15 10.8 |
 2 | 209  4.3 -22 57.0 |  86 47.5 13.0  17 27.6  11.4 55.6 | 131 27.4 | 190 16.9 -21 47.1 |  64 44.6  24 34.2 | 129 43.8  -0 39.0 | 166  9.4 -15 10.7 |
 3 | 224  4.1 -22 56.8 | 101 19.5 12.9  17 39.1  11.3 55.6 | 146 29.8 | 205 16.0 -21 46.5 |  79 47.5  24 34.1 | 144 46.0  -0 38.8 | 181 11.6 -15 10.7 |
 4 | 239  3.8 -22 56.6 | 115 51.4 12.9  17 50.4  11.2 55.6 | 161 32.3 | 220 15.2 -21 45.9 |  94 50.3  24 34.1 | 159 48.2  -0 38.7 | 196 13.8 -15 10.6 |
 5 | 254  3.5 -22 56.3 | 130 23.3 12.8  18  1.6  11.1 55.6 | 176 34.8 | 235 14.4 -21 45.3 | 109 53.2  24 34.1 | 174 50.4  -0 38.6 | 211 16.1 -15 10.5 |
 6 | 269  3.2 -22 56.1 | 144 55.1 12.8  18 12.8  11.1 55.5 | 191 37.2 | 250 13.5 -21 44.7 | 124 56.1  24 34.0 | 189 52.6  -0 38.4 | 226 18.3 -15 10.4 |
 7 | 284  2.9 -22 55.9 | 159 26.9 12.8  18 23.8  11.0 55.5 | 206 39.7 | 265 12.7 -21 44.1 | 139 58.9  24 34.0 | 204 54.8  -0 38.3 | 241 20.5 -15 10.3 |
 8 | 299  2.6 -22 55.7 | 173 58.7 12.7  18 34.8  10.9 55.5 | 221 42.2 | 280 11.8 -21 43.5 | 155  1.8  24 33.9 | 219 56.9  -0 38.2 | 256 22.7 -15 10.2 |
 9 | 314  2.3 -22 55.5 | 188 30.4 12.7  18 45.7  10.8 55.5 | 236 44.6 | 295 11.0 -21 42.9 | 170  4.6  24 33.9 | 234 59.1  -0 38.0 | 271 24.9 -15 10.2 |
10 | 329  2.0 -22 55.2 | 203  2.1 12.6  18 56.4  10.7 55.5 | 251 47.1 | 310 10.1 -21 42.3 | 185  7.5  24 33.8 | 250  1.3  -0 37.9 | 286 27.1 -15 10.1 |
11 | 344  1.7 -22 55.0 | 217 33.7 12.6  19  7.1  10.6 55.4 | 266 49.6 | 325  9.3 -21 41.7 | 200 10.3  24 33.8 | 265  3.5  -0 37.8 | 301 29.4 -15 10.0 |
12 | 359  1.4 -22 54.8 | 232  5.3 12.5  19 17.7  10.5 55.4 | 281 52.0 | 340  8.5 -21 41.1 | 215 13.1  24 33.8 | 280  5.7  -0 37.7 | 316 31.6 -15  9.9 |
13 |  14  1.1 -22 54.6 | 246 36.8 12.5  19 28.2  10.4 55.4 | 296 54.5 | 355  7.6 -21 40.5 | 230 16.0  24 33.7 | 295  7.9  -0 37.5 | 331 33.8 -15  9.8 |
14 |  29  0.8 -22 54.3 | 261  8.3 12.4  19 38.6  10.3 55.4 | 311 57.0 |  10  6.8 -21 39.9 | 245 18.8  24 33.7 | 310 10.0  -0 37.4 | 346 36.0 -15  9.7 |
15 |  44  0.6 -22 54.1 | 275 39.7 12.4  19 49.0  10.2 55.3 | 326 59.4 |  25  5.9 -21 39.3 | 260 21.7  24 33.6 | 325 12.2  -0 37.3 |   1 38.2 -15  9.7 |
16 |  59  0.3 -22 53.9 | 290 11.1 12.3  19 59.2  10.1 55.3 | 342  1.9 |  40  5.1 -21 38.7 | 275 24.5  24 33.6 | 340 14.4  -0 37.1 |  16 40.4 -15  9.6 |
17 |  74  0.0 -22 53.7 | 304 42.5 12.3  20  9.3  10.0 55.3 | 357  4.3 |  55  4.3 -21 38.0 | 290 27.3  24 33.6 | 355 16.6  -0 37.0 |  31 42.7 -15  9.5 |
18 |  88 59.7 -22 53.4 | 319 13.8 12.3  20 19.3   9.9 55.3 |  12  6.8 |  70  3.4 -21 37.4 | 305 30.2  24 33.5 |  10 18.8  -0 36.8 |  46 44.9 -15  9.4 |
19 | 103 59.4 -22 53.2 | 333 45.0 12.2  20 29.2   9.8 55.3 |  27  9.3 |  85  2.6 -21 36.8 | 320 33.0  24 33.5 |  25 20.9  -0 36.7 |  61 47.1 -15  9.3 |
20 | 118 59.1 -22 53.0 | 348 16.2 12.2  20 39.1   9.7 55.2 |  42 11.7 | 100  1.8 -21 36.2 | 335 35.8  24 33.4 |  40 23.1  -0 36.6 |  76 49.3 -15  9.2 |
21 | 133 58.8 -22 52.7 |   2 47.4 12.1  20 48.8   9.6 55.2 |  57 14.2 | 115  0.9 -21 35.6 | 350 38.7  24 33.4 |  55 25.3  -0 36.4 |  91 51.5 -15  9.2 |
22 | 148 58.5 -22 52.5 |  17 18.5 12.1  20 58.4   9.5 55.2 |  72 16.7 | 130  0.1 -21 35.0 |   5 41.5  24 33.4 |  70 27.5  -0 36.3 | 106 53.7 -15  9.1 |
23 | 163 58.2 -22 52.3 |  31 49.6 12.0  21  7.9   9.4 55.2 |  87 19.1 | 144 59.2 -21 34.4 |  20 44.3  24 33.3 |  85 29.7  -0 36.2 | 121 56.0 -15  9.0 |
 0 | 178 58.0 -22 52.0 |  46 20.6 12.0  21 17.3   9.3 55.2 | 102 21.6 | 159 58.4 -21 33.7 |  35 47.2  24 33.3 | 100 31.8  -0 36.0 | 136 58.2 -15  8.9 |
 1 | 193 57.7 -22 51.8 |  60 51.5 11.9  21 26.7   9.2 55.2 | 117 24.1 | 174 57.6 -21 33.1 |  50 50.0  24 33.2 | 115 34.0  -0 35.9 | 152  0.4 -15  8.8 |
 2 | 208 57.4 -22 51.6 |  75 22.5 11.9  21 35.9   9.1 55.1 | 132 26.5 | 189 56.7 -21 32.5 |  65 52.8  24 33.2 | 130 36.2  -0 35.8 | 167  2.6 -15  8.7 |
 3 | 223 57.1 -22 51.3 |  89 53.3 11.8  21 45.0   9.0 55.1 | 147 29.0 | 204 55.9 -21 31.9 |  80 55.6  24 33.2 | 145 38.4  -0 35.6 | 182  4.8 -15  8.7 |
 4 | 238 56.8 -22 51.1 | 104 24.2 11.8  21 54.0   8.9 55.1 | 162 31.5 | 219 55.1 -21 31.2 |  95 58.4  24 33.1 | 160 40.6  -0 35.5 | 197  7.0 -15  8.6 |
 5 | 253 56.5 -22 50.8 | 118 54.9 11.7  22  2.9   8.8 55.1 | 177 33.9 | 234 54.2 -21 30.6 | 111  1.3  24 33.1 | 175 42.7  -0 35.4 | 212  9.3 -15  8.5 |
 6 | 268 56.2 -22 50.6 | 133 25.7 11.7  22 11.6   8.7 55.1 | 192 36.4 | 249 53.4 -21 30.0 | 126  4.1  24 33.1 | 190 44.9  -0 35.2 | 227 11.5 -15  8.4 |
 7 | 283 55.9 -22 50.4 | 147 56.3 11.6  22 20.3   8.6 55.0 | 207 38.8 | 264 52.6 -21 29.4 | 141  6.9  24 33.0 | 205 47.1  -0 35.1 | 242 13.7 -15  8.3 |
 8 | 298 55.6 -22 50.1 | 162 27.0 11.6  22 28.9   8.5 55.0 | 222 41.3 | 279 51.8 -21 28.7 | 156  9.7  24 33.0 | 220 49.3  -0 35.0 | 257 15.9 -15  8.2 |
 9 | 313 55.4 -22 49.9 | 176 57.6 11.5  22 37.3   8.3 55.0 | 237 43.8 | 294 50.9 -21 28.1 | 171 12.5  24 32.9 | 235 51.4  -0 34.8 | 272 18.1 -15  8.2 |
10 | 328 55.1 -22 49.6 | 191 28.1 11.5  22 45.7   8.2 55.0 | 252 46.2 | 309 50.1 -21 27.5 | 186 15.3  24 32.9 | 250 53.6  -0 34.7 | 287 20.3 -15  8.1 |
11 | 343 54.8 -22 49.4 | 205 58.6 11.4  22 53.9   8.1 55.0 | 267 48.7 | 324 49.3 -21 26.8 | 201 18.1  24 32.9 | 265 55.8  -0 34.6 | 302 22.5 -15  8.0 |
12 | 358 54.5 -22 49.2 | 220 29.0 11.4  23  2.1   8.0 55.0 | 282 51.2 | 339 48.4 -21 26.2 | 216 20.9  24 32.8 | 280 58.0  -0 34.4 | 317 24.8 -15  7.9 |
13 |  13 54.2 -22 48.9 | 234 59.4 11.4  23 10.1   7.9 54.9 | 297 53.6 | 354 47.6 -21 25.6 | 231 23.7  24 32.8 | 296  0.2  -0 34.3 | 332 27.0 -15  7.8 |
14 |  28 53.9 -22 48.7 | 249 29.8 11.3  23 18.0   7.8 54.9 | 312 56.1 |   9 46.8 -21 24.9 | 246 26.5  24 32.7 | 311  2.3  -0 34.2 | 347 29.2 -15  7.7 |
15 |  43 53.6 -22 48.4 | 264  0.1 11.3  23 25.8   7.7 54.9 | 327 58.6 |  24 46.0 -21 24.3 | 261 29.3  24 32.7 | 326  4.5  -0 34.0 |   2 31.4 -15  7.7 |
16 |  58 53.4 -22 48.2 | 278 30.3 11.2  23 33.4   7.6 54.9 | 343  1.0 |  39 45.1 -21 23.7 | 276 32.1  24 32.7 | 341  6.7  -0 33.9 |  17 33.6 -15  7.6 |
17 |  73 53.1 -22 47.9 | 293  0.6 11.2  23 41.0   7.4 54.9 | 358  3.5 |  54 44.3 -21 23.0 | 291 34.9  24 32.6 | 356  8.9  -0 33.7 |  32 35.8 -15  7.5 |
18 |  88 52.8 -22 47.7 | 307 30.7 11.1  23 48.4   7.3 54.9 |  13  6.0 |  69 43.5 -21 22.4 | 306 37.7  24 32.6 |  11 11.0  -0 33.6 |  47 38.0 -15  7.4 |
19 | 103 52.5 -22 47.4 | 322  0.8 11.1  23 55.8   7.2 54.8 |  28  8.4 |  84 42.6 -21 21.7 | 321 40.5  24 32.6 |  26 13.2  -0 33.5 |  62 40.3 -15  7.3 |
20 | 118 52.2 -22 47.2 | 336 30.9 11.0  24  3.0   7.1 54.8 |  43 10.9 |  99 41.8 -21 21.1 | 336 43.3  24 32.5 |  41 15.4  -0 33.3 |  77 42.5 -15  7.2 |
21 | 133 51.9 -22 46.9 | 351  1.0 11.0  24 10.1   7.0 54.8 |  58 13.3 | 114 41.0 -21 20.5 | 351 46.1  24 32.5 |  56 17.6  -0 33.2 |  92 44.7 -15  7.1 |
22 | 148 51.6 -22 46.7 |   5 30.9 10.9  24 17.0   6.9 54.8 |  73 15.8 | 129 40.2 -21 19.8 |   6 48.9  24 32.5 |  71 19.7  -0 33.1 | 107 46.9 -15  7.1 |
23 | 163 51.4 -22 46.4 |  20  0.9 10.9  24 23.9   6.7 54.8 |  88 18.3 | 144 39.4 -21 19.2 |  21 51.7  24 32.4 |  86 21.9  -0 32.9 | 122 49.1 -15  7.0 |
   |  SD 16.3  d  -0.2 |                SD 15.1            |          |  v  -0.8  d  -0.6 |  v   2.8  d  -0.0 |  v   2.2  d  -0.1 |  v   2.2  d  -0.1 |
   | EoT -03:40 -03:54 |      Age 10d   Phase  83%         |      SHA |  58 56.1          | 293 16.4          | 358 17.0          |  34 42.5          |
   | MP    12:04       |    Upper 20:47    Lower 08:24     |  17:13   |       13:20       |       21:37       |       17:19       |       14:53       |

Star          |    SHA      Dec   | 
              |   °   '    °   '  | 
Acamar        | 315 12.8 -40 13.0 | 
Achernar      | 335 21.3 -57  7.5 | 
Acrux         | 173  1.9 -63 13.2 | 
Adhara        | 255  6.8 -29  0.2 | 
Aldebaran     | 290 41.2  16 33.3 | 
Alioth        | 166 14.5  55 49.9 | 
Alkaid        | 152 53.5  49 11.7 | 
Alnair        |  27 35.3 -46 51.2 | 
Alnilam       | 275 39.1  -1 11.3 | 
Alphard       | 217 49.1  -8 45.4 | 
Alphecca      | 126  5.4  26 38.1 | 
Alpheratz     | 357 36.6  29 13.1 | 
Altair        |  62  1.9   8 55.7 | 
Ankaa         | 353  8.8 -42 11.2 | 
Antares       | 112 18.2 -26 28.9 | 
Arcturus      | 145 49.6  19  3.7 | 
Atria         | 107 14.5 -69  3.9 | 
Avior         | 234 14.8 -59 34.8 | 
Bellatrix     | 278 24.3   6 22.2 | 
Betelgeuse    | 270 53.6   7 24.7 | 
Canopus       | 263 52.6 -52 42.5 | 
Capella       | 280 23.9  46  1.3 | 
Deneb         |  49 27.4  45 21.8 | 
Denebola      | 182 26.6  14 26.6 | 
Diphda        | 348 49.0 -17 51.8 | 
Dubhe         | 193 42.8  61 37.4 | 
Elnath        | 278  3.6  28 37.6 | 
Eltanin       |  90 43.5  51 29.0 | 
Enif          |  33 40.7   9 58.8 | 
Fomalhaut     |  15 16.5 -29 30.3 | 
Gacrux        | 171 53.5 -57 14.2 | 
Gienah        | 175 45.3 -17 40.0 | 
Hadar         | 148 38.6 -60 28.7 | 
Hamal         | 327 52.9  23 34.3 | 
Kaus Aust.    |  83 35.1 -34 22.4 | 
Kochab        | 137 20.4  74  3.4 | 
Markab        |  13 31.7  15 19.7 | 
Menkar        | 314  7.7   4 10.7 | 
Menkent       | 147 59.7 -36 28.8 | 
Miaplacidus   | 221 37.8 -69 48.4 | 
Mirfak        | 308 30.3  49 56.7 | 
Nunki         |  75 50.2 -26 16.1 | 
Peacock       |  53  8.9 -56 39.8 | 
Pollux        | 243 19.0  27 58.2 | 
Procyon       | 244 52.3   5 10.0 |
Rasalhague    |  96  0.4  12 32.5 | 
Regulus       | 207 36.0  11 51.3 | 
Rigel         | 281  5.2  -8 10.6 | 
Rigil Kent.   | 139 42.9 -60 55.5 | 
Sabik         | 102  5.0 -15 45.2 | 
Schedar       | 349 32.9  56 40.0 | 
Shaula        |  96 13.1 -37  7.2 | 
Sirius        | 258 27.4 -16 44.9 | 
Spica         | 158 24.1 -11 16.8 | 
Suhail        | 222 47.2 -43 31.3 | 
Vega          |  80 34.8  38 48.2 | 
Zuben'ubi     | 136 58.0 -16  8.1 |


