Paracay Nautical Almanac 2021

2021 January 01 (Fri)  dUT1=UT1-UTC=-0.1746s  dTT=TT-UT1=+69.3586s

UT |        Sun        |               Moon                |   Aries  |    Venus -3.9     |     Mars -0.2     |   Jupiter -2.0    |    Saturn +0.6    |
   |    GHA      Dec   |    GHA     v     Dec      d   HP  |    GHA   |    GHA      Dec   |    GHA      Dec   |    GHA      Dec   |    GHA      Dec   |
 h |   °   '    °   '  |   °   '    '    °   '     '    '  |   °   '  |   °   '    °   '  |   °   '    °   '  |   °   '    °   '  |   °   '    °   '  |
 0 | 179  8.3 -23  0.0 | 334 57.7  8.5  23  1.3  -5.5 56.7 | 100 51.9 | 201 14.8 -22 26.0 |  75 47.3  11 20.7 | 155 40.7 -20  0.7 | 156 54.3 -20 10.5 |
 1 | 194  8.0 -22 59.7 | 349 25.2  8.5  22 55.8  -5.7 56.8 | 115 54.3 | 216 13.9 -22 26.4 |  90 48.8  11 21.1 | 170 42.6 -20  0.6 | 171 56.4 -20 10.4 |
 2 | 209  7.7 -22 59.5 |   3 52.7  8.5  22 50.1  -5.8 56.8 | 130 56.8 | 231 12.9 -22 26.7 | 105 50.3  11 21.6 | 185 44.5 -20  0.5 | 186 58.6 -20 10.4 |
 3 | 224  7.4 -22 59.3 |  18 20.2  8.5  22 44.3  -6.0 56.8 | 145 59.3 | 246 12.0 -22 27.0 | 120 51.7  11 22.0 | 200 46.3 -20  0.4 | 202  0.8 -20 10.3 |
 4 | 239  7.2 -22 59.1 |  32 47.7  8.6  22 38.3  -6.0 56.8 | 161  1.7 | 261 11.1 -22 27.3 | 135 53.2  11 22.4 | 215 48.2 -20  0.2 | 217  2.9 -20 10.2 |
 5 | 254  6.9 -22 58.9 |  47 15.3  8.6  22 32.3  -6.3 56.8 | 176  4.2 | 276 10.2 -22 27.6 | 150 54.6  11 22.9 | 230 50.1 -20  0.1 | 232  5.1 -20 10.2 |
 6 | 269  6.6 -22 58.7 |  61 42.9  8.6  22 26.0  -6.3 56.9 | 191  6.7 | 291  9.3 -22 28.0 | 165 56.1  11 23.3 | 245 52.0 -20  0.0 | 247  7.3 -20 10.1 |
 7 | 284  6.3 -22 58.5 |  76 10.5  8.7  22 19.7  -6.5 56.9 | 206  9.1 | 306  8.4 -22 28.3 | 180 57.5  11 23.7 | 260 53.8 -19 59.8 | 262  9.4 -20 10.1 |
 8 | 299  6.0 -22 58.3 |  90 38.2  8.7  22 13.2  -6.6 56.9 | 221 11.6 | 321  7.5 -22 28.6 | 195 59.0  11 24.2 | 275 55.7 -19 59.7 | 277 11.6 -20 10.0 |
 9 | 314  5.7 -22 58.1 | 105  5.9  8.7  22  6.6  -6.7 56.9 | 236 14.1 | 336  6.6 -22 28.9 | 211  0.4  11 24.6 | 290 57.6 -19 59.6 | 292 13.8 -20  9.9 |
10 | 329  5.4 -22 57.9 | 119 33.6  8.8  21 59.9  -6.8 56.9 | 251 16.5 | 351  5.7 -22 29.2 | 226  1.9  11 25.0 | 305 59.4 -19 59.5 | 307 16.0 -20  9.9 |
11 | 344  5.1 -22 57.6 | 134  1.4  8.8  21 53.1  -7.0 57.0 | 266 19.0 |   6  4.8 -22 29.6 | 241  3.3  11 25.5 | 321  1.3 -19 59.3 | 322 18.1 -20  9.8 |
12 | 359  4.8 -22 57.4 | 148 29.2  8.8  21 46.1  -7.1 57.0 | 281 21.4 |  21  3.9 -22 29.9 | 256  4.8  11 25.9 | 336  3.2 -19 59.2 | 337 20.3 -20  9.7 |
13 |  14  4.5 -22 57.2 | 162 57.0  8.9  21 39.0  -7.2 57.0 | 296 23.9 |  36  3.0 -22 30.2 | 271  6.2  11 26.3 | 351  5.1 -19 59.1 | 352 22.5 -20  9.7 |
14 |  29  4.2 -22 57.0 | 177 24.9  8.9  21 31.8  -7.4 57.0 | 311 26.4 |  51  2.1 -22 30.5 | 286  7.7  11 26.8 |   6  6.9 -19 58.9 |   7 24.6 -20  9.6 |
15 |  44  3.9 -22 56.8 | 191 52.8  9.0  21 24.4  -7.4 57.0 | 326 28.8 |  66  1.1 -22 30.8 | 301  9.1  11 27.2 |  21  8.8 -19 58.8 |  22 26.8 -20  9.6 |
16 |  59  3.6 -22 56.6 | 206 20.8  8.9  21 17.0  -7.6 57.1 | 341 31.3 |  81  0.2 -22 31.1 | 316 10.6  11 27.7 |  36 10.7 -19 58.7 |  37 29.0 -20  9.5 |
17 |  74  3.4 -22 56.3 | 220 48.7  9.1  21  9.4  -7.7 57.1 | 356 33.8 |  95 59.3 -22 31.4 | 331 12.0  11 28.1 |  51 12.5 -19 58.6 |  52 31.1 -20  9.4 |
18 |  89  3.1 -22 56.1 | 235 16.8  9.0  21  1.7  -7.9 57.1 |  11 36.2 | 110 58.4 -22 31.7 | 346 13.5  11 28.5 |  66 14.4 -19 58.4 |  67 33.3 -20  9.4 |
19 | 104  2.8 -22 55.9 | 249 44.8  9.1  20 53.8  -7.9 57.1 |  26 38.7 | 125 57.5 -22 32.0 |   1 14.9  11 29.0 |  81 16.3 -19 58.3 |  82 35.5 -20  9.3 |
20 | 119  2.5 -22 55.7 | 264 12.9  9.2  20 45.9  -8.1 57.1 |  41 41.2 | 140 56.6 -22 32.3 |  16 16.3  11 29.4 |  96 18.2 -19 58.2 |  97 37.6 -20  9.3 |
21 | 134  2.2 -22 55.5 | 278 41.1  9.1  20 37.8  -8.2 57.2 |  56 43.6 | 155 55.7 -22 32.6 |  31 17.8  11 29.8 | 111 20.0 -19 58.0 | 112 39.8 -20  9.2 |
22 | 149  1.9 -22 55.2 | 293  9.2  9.2  20 29.6  -8.3 57.2 |  71 46.1 | 170 54.8 -22 32.9 |  46 19.2  11 30.3 | 126 21.9 -19 57.9 | 127 42.0 -20  9.1 |
23 | 164  1.6 -22 55.0 | 307 37.4  9.3  20 21.3  -8.4 57.2 |  86 48.6 | 185 53.9 -22 33.2 |  61 20.7  11 30.7 | 141 23.8 -19 57.8 | 142 44.1 -20  9.1 |
 0 | 179  1.3 -22 54.8 | 322  5.7  9.3  20 12.9  -8.5 57.2 | 101 51.0 | 200 52.9 -22 33.5 |  76 22.1  11 31.1 | 156 25.7 -19 57.6 | 157 46.3 -20  9.0 |
 1 | 194  1.0 -22 54.6 | 336 34.0  9.3  20  4.4  -8.7 57.2 | 116 53.5 | 215 52.0 -22 33.8 |  91 23.6  11 31.6 | 171 27.5 -19 57.5 | 172 48.5 -20  9.0 |
 2 | 209  0.7 -22 54.3 | 351  2.3  9.4  19 55.7  -8.7 57.3 | 131 55.9 | 230 51.1 -22 34.1 | 106 25.0  11 32.0 | 186 29.4 -19 57.4 | 187 50.6 -20  8.9 |
 3 | 224  0.4 -22 54.1 |   5 30.7  9.5  19 47.0  -8.9 57.3 | 146 58.4 | 245 50.2 -22 34.4 | 121 26.4  11 32.5 | 201 31.3 -19 57.3 | 202 52.8 -20  8.8 |
 4 | 239  0.2 -22 53.9 |  19 59.2  9.4  19 38.1  -9.0 57.3 | 162  0.9 | 260 49.3 -22 34.7 | 136 27.9  11 32.9 | 216 33.1 -19 57.1 | 217 55.0 -20  8.8 |
 5 | 253 59.9 -22 53.6 |  34 27.6  9.5  19 29.1  -9.1 57.3 | 177  3.3 | 275 48.4 -22 35.0 | 151 29.3  11 33.3 | 231 35.0 -19 57.0 | 232 57.1 -20  8.7 |
 6 | 268 59.6 -22 53.4 |  48 56.1  9.6  19 20.0  -9.2 57.3 | 192  5.8 | 290 47.5 -22 35.3 | 166 30.8  11 33.8 | 246 36.9 -19 56.9 | 247 59.3 -20  8.6 |
 7 | 283 59.3 -22 53.2 |  63 24.7  9.6  19 10.8  -9.3 57.4 | 207  8.3 | 305 46.5 -22 35.6 | 181 32.2  11 34.2 | 261 38.7 -19 56.7 | 263  1.5 -20  8.6 |
 8 | 298 59.0 -22 53.0 |  77 53.3  9.6  19  1.5  -9.5 57.4 | 222 10.7 | 320 45.6 -22 35.9 | 196 33.6  11 34.6 | 276 40.6 -19 56.6 | 278  3.6 -20  8.5 |
 9 | 313 58.7 -22 52.7 |  92 21.9  9.7  18 52.0  -9.5 57.4 | 237 13.2 | 335 44.7 -22 36.2 | 211 35.1  11 35.1 | 291 42.5 -19 56.5 | 293  5.8 -20  8.5 |
10 | 328 58.4 -22 52.5 | 106 50.6  9.7  18 42.5  -9.5 57.4 | 252 15.7 | 350 43.8 -22 36.5 | 226 36.5  11 35.5 | 306 44.4 -19 56.4 | 308  8.0 -20  8.4 |
11 | 343 58.1 -22 52.3 | 121 19.3  9.8  18 32.8  -9.7 57.4 | 267 18.1 |   5 42.9 -22 36.8 | 241 38.0  11 35.9 | 321 46.2 -19 56.2 | 323 10.1 -20  8.3 |
12 | 358 57.8 -22 52.0 | 135 48.1  9.8  18 23.1  -9.9 57.4 | 282 20.6 |  20 42.0 -22 37.1 | 256 39.4  11 36.4 | 336 48.1 -19 56.1 | 338 12.3 -20  8.3 |
13 |  13 57.5 -22 51.8 | 150 16.9  9.9  18 13.2  -9.9 57.5 | 297 23.1 |  35 41.1 -22 37.3 | 271 40.8  11 36.8 | 351 50.0 -19 56.0 | 353 14.5 -20  8.2 |
14 |  28 57.3 -22 51.6 | 164 45.8  9.9  18  3.3 -10.1 57.5 | 312 25.5 |  50 40.1 -22 37.6 | 286 42.3  11 37.3 |   6 51.8 -19 55.8 |   8 16.6 -20  8.2 |
15 |  43 57.0 -22 51.3 | 179 14.7 10.0  17 53.2 -10.1 57.5 | 327 28.0 |  65 39.2 -22 37.9 | 301 43.7  11 37.7 |  21 53.7 -19 55.7 |  23 18.8 -20  8.1 |
16 |  58 56.7 -22 51.1 | 193 43.7  9.9  17 43.1 -10.3 57.5 | 342 30.4 |  80 38.3 -22 38.2 | 316 45.1  11 38.1 |  36 55.6 -19 55.6 |  38 21.0 -20  8.0 |
17 |  73 56.4 -22 50.8 | 208 12.6 10.1  17 32.8 -10.4 57.5 | 357 32.9 |  95 37.4 -22 38.5 | 331 46.6  11 38.6 |  51 57.5 -19 55.4 |  53 23.1 -20  8.0 |
18 |  88 56.1 -22 50.6 | 222 41.7 10.1  17 22.4 -10.4 57.6 |  12 35.4 | 110 36.5 -22 38.7 | 346 48.0  11 39.0 |  66 59.3 -19 55.3 |  68 25.3 -20  7.9 |
19 | 103 55.8 -22 50.4 | 237 10.8 10.1  17 12.0 -10.6 57.6 |  27 37.8 | 125 35.6 -22 39.0 |   1 49.4  11 39.4 |  82  1.2 -19 55.2 |  83 27.5 -20  7.8 |
20 | 118 55.5 -22 50.1 | 251 39.9 10.2  17  1.4 -10.6 57.6 |  42 40.3 | 140 34.6 -22 39.3 |  16 50.9  11 39.9 |  97  3.1 -19 55.1 |  98 29.6 -20  7.8 |
21 | 133 55.2 -22 49.9 | 266  9.1 10.2  16 50.8 -10.8 57.6 |  57 42.8 | 155 33.7 -22 39.6 |  31 52.3  11 40.3 | 112  4.9 -19 54.9 | 113 31.8 -20  7.7 |
22 | 148 55.0 -22 49.6 | 280 38.3 10.2  16 40.0 -10.8 57.6 |  72 45.2 | 170 32.8 -22 39.8 |  46 53.7  11 40.8 | 127  6.8 -19 54.8 | 128 34.0 -20  7.7 |
23 | 163 54.7 -22 49.4 | 295  7.5 10.3  16 29.2 -11.0 57.7 |  87 47.7 | 185 31.9 -22 40.1 |  61 55.2  11 41.2 | 142  8.7 -19 54.7 | 143 36.1 -20  7.6 |
 0 | 178 54.4 -22 49.2 | 309 36.8 10.4  16 18.2 -11.0 57.7 | 102 50.2 | 200 31.0 -22 40.4 |  76 56.6  11 41.6 | 157 10.5 -19 54.5 | 158 38.3 -20  7.5 |
 1 | 193 54.1 -22 48.9 | 324  6.2 10.4  16  7.2 -11.1 57.7 | 117 52.6 | 215 30.0 -22 40.7 |  91 58.0  11 42.1 | 172 12.4 -19 54.4 | 173 40.4 -20  7.5 |
 2 | 208 53.8 -22 48.7 | 338 35.6 10.4  15 56.1 -11.2 57.7 | 132 55.1 | 230 29.1 -22 40.9 | 106 59.4  11 42.5 | 187 14.3 -19 54.3 | 188 42.6 -20  7.4 |
 3 | 223 53.5 -22 48.4 | 353  5.0 10.5  15 44.9 -11.3 57.7 | 147 57.5 | 245 28.2 -22 41.2 | 122  0.9  11 42.9 | 202 16.2 -19 54.1 | 203 44.8 -20  7.4 |
 4 | 238 53.2 -22 48.2 |   7 34.5 10.5  15 33.6 -11.4 57.7 | 163  0.0 | 260 27.3 -22 41.5 | 137  2.3  11 43.4 | 217 18.0 -19 54.0 | 218 46.9 -20  7.3 |
 5 | 253 52.9 -22 47.9 |  22  4.0 10.6  15 22.2 -11.5 57.8 | 178  2.5 | 275 26.4 -22 41.7 | 152  3.7  11 43.8 | 232 19.9 -19 53.9 | 233 49.1 -20  7.2 |
 6 | 268 52.7 -22 47.7 |  36 33.6 10.6  15 10.7 -11.5 57.8 | 193  4.9 | 290 25.4 -22 42.0 | 167  5.2  11 44.3 | 247 21.8 -19 53.7 | 248 51.3 -20  7.2 |
 7 | 283 52.4 -22 47.4 |  51  3.2 10.6  14 59.2 -11.7 57.8 | 208  7.4 | 305 24.5 -22 42.3 | 182  6.6  11 44.7 | 262 23.6 -19 53.6 | 263 53.4 -20  7.1 |
 8 | 298 52.1 -22 47.2 |  65 32.8 10.7  14 47.5 -11.7 57.8 | 223  9.9 | 320 23.6 -22 42.5 | 197  8.0  11 45.1 | 277 25.5 -19 53.5 | 278 55.6 -20  7.0 |
 9 | 313 51.8 -22 46.9 |  80  2.5 10.7  14 35.8 -11.8 57.8 | 238 12.3 | 335 22.7 -22 42.8 | 212  9.4  11 45.6 | 292 27.4 -19 53.4 | 293 57.8 -20  7.0 |
10 | 328 51.5 -22 46.7 |  94 32.2 10.8  14 24.0 -11.9 57.9 | 253 14.8 | 350 21.8 -22 43.0 | 227 10.9  11 46.0 | 307 29.2 -19 53.2 | 308 59.9 -20  6.9 |
11 | 343 51.2 -22 46.4 | 109  2.0 10.8  14 12.1 -12.0 57.9 | 268 17.3 |   5 20.8 -22 43.3 | 242 12.3  11 46.5 | 322 31.1 -19 53.1 | 324  2.1 -20  6.9 |
12 | 358 50.9 -22 46.2 | 123 31.8 10.8  14  0.1 -12.1 57.9 | 283 19.7 |  20 19.9 -22 43.6 | 257 13.7  11 46.9 | 337 33.0 -19 53.0 | 339  4.3 -20  6.8 |
13 |  13 50.7 -22 45.9 | 138  1.6 10.9  13 48.0 -12.1 57.9 | 298 22.2 |  35 19.0 -22 43.8 | 272 15.1  11 47.3 | 352 34.9 -19 52.8 | 354  6.4 -20  6.7 |
14 |  28 50.4 -22 45.7 | 152 31.5 10.9  13 35.9 -12.2 57.9 | 313 24.7 |  50 18.1 -22 44.1 | 287 16.6  11 47.8 |   7 36.7 -19 52.7 |   9  8.6 -20  6.7 |
15 |  43 50.1 -22 45.4 | 167  1.4 11.0  13 23.7 -12.3 58.0 | 328 27.1 |  65 17.2 -22 44.3 | 302 18.0  11 48.2 |  22 38.6 -19 52.6 |  24 10.8 -20  6.6 |
16 |  58 49.8 -22 45.2 | 181 31.4 10.9  13 11.4 -12.4 58.0 | 343 29.6 |  80 16.2 -22 44.6 | 317 19.4  11 48.7 |  37 40.5 -19 52.4 |  39 12.9 -20  6.5 |
17 |  73 49.5 -22 44.9 | 196  1.3 11.1  12 59.0 -12.4 58.0 | 358 32.0 |  95 15.3 -22 44.8 | 332 20.8  11 49.1 |  52 42.3 -19 52.3 |  54 15.1 -20  6.5 |
18 |  88 49.2 -22 44.6 | 210 31.4 11.0  12 46.6 -12.5 58.0 |  13 34.5 | 110 14.4 -22 45.1 | 347 22.2  11 49.5 |  67 44.2 -19 52.2 |  69 17.3 -20  6.4 |
19 | 103 49.0 -22 44.4 | 225  1.4 11.1  12 34.1 -12.6 58.0 |  28 37.0 | 125 13.5 -22 45.3 |   2 23.7  11 50.0 |  82 46.1 -19 52.0 |  84 19.4 -20  6.4 |
20 | 118 48.7 -22 44.1 | 239 31.5 11.2  12 21.5 -12.6 58.0 |  43 39.4 | 140 12.5 -22 45.6 |  17 25.1  11 50.4 |  97 47.9 -19 51.9 |  99 21.6 -20  6.3 |
21 | 133 48.4 -22 43.9 | 254  1.7 11.1  12  8.9 -12.7 58.1 |  58 41.9 | 155 11.6 -22 45.8 |  32 26.5  11 50.9 | 112 49.8 -19 51.8 | 114 23.8 -20  6.2 |
22 | 148 48.1 -22 43.6 | 268 31.8 11.2  11 56.1 -12.8 58.1 |  73 44.4 | 170 10.7 -22 46.1 |  47 27.9  11 51.3 | 127 51.7 -19 51.6 | 129 25.9 -20  6.2 |
23 | 163 47.8 -22 43.3 | 283  2.0 11.3  11 43.4 -12.9 58.1 |  88 46.8 | 185  9.8 -22 46.3 |  62 29.3  11 51.7 | 142 53.5 -19 51.5 | 144 28.1 -20  6.1 |
   |  SD 16.3  d  -0.2 |                SD 15.7            |          |  v  -0.9  d   0.3 |  v   1.4  d   0.4 |  v   1.9  d  -0.1 |  v   2.2  d  -0.1 |
   | EoT -03:54 -04:08 |      Age 19d   Phase  88%         |      SHA |  99  1.9          | 334 31.1          |  54 34.6          |  55 55.3          |
   | MP    12:04       |    Upper 02:37    Lower 15:03     |  17:10   |       10:37       |       18:53       |       13:33       |       13:27       |

Star          |    SHA      Dec   |
              |   °   '    °   '  |
Acamar        | 315 14.1 -40 13.6 |
Achernar      | 335 22.6 -57  8.2 |
Acrux         | 173  3.5 -63 12.5 | 
Adhara        | 255  8.0 -29  0.1 | 
Aldebaran     | 290 43.0  16 33.0 | 
Alioth        | 166 16.0  55 50.6 |
Alkaid        | 152 54.8  49 12.4 | 
Alnair        |  27 37.4 -46 51.8 |
Alnilam       | 275 40.7  -1 11.4 |
Alphard       | 217 50.7  -8 44.9 |
Alphecca      | 126  6.8  26 38.6 |
Alpheratz     | 357 38.2  29 12.4 |
Altair        |  62  3.5   8 55.4 |
Ankaa         | 353 10.5 -42 11.9 |
Antares       | 112 20.1 -26 28.5 | 
Arcturus      | 145 51.1  19  4.4 |
Atria         | 107 17.8 -69  3.6 |
Avior         | 234 15.4 -59 34.5 |
Bellatrix     | 278 26.0   6 22.0 | 
Betelgeuse    | 270 55.3   7 24.6 |
Canopus       | 263 53.3 -52 42.5 |
Capella       | 280 26.2  46  1.1 | 
Deneb         |  49 28.4  45 21.4 |
Denebola      | 182 28.2  14 27.3 | 
Diphda        | 348 50.6 -17 52.5 |
Dubhe         | 193 44.8  61 38.1 | 
Elnath        | 278  5.6  28 37.4 |
Eltanin       |  90 44.2  51 29.1 | 
Enif          |  33 42.2   9 58.2 | 
Fomalhaut     |  15 18.3 -29 30.9 | 
Gacrux        | 171 55.1 -57 13.5 |
Gienah        | 175 46.9 -17 39.3 |
Hadar         | 148 40.7 -60 28.0 | 
Hamal         | 327 54.7  23 33.7 |
Kaus Aust.    |  83 37.3 -34 22.4 |
Kochab        | 137 20.6  74  3.9 |
Markab        |  13 33.3  15 19.1 |
Menkar        | 314  9.4   4 10.2 |
Menkent       | 148  1.6 -36 28.1 |
Miaplacidus   | 221 38.0 -69 48.0 |
Mirfak        | 308 32.5  49 56.2 |
Nunki         |  75 52.2 -26 16.2 |
Peacock       |  53 11.5 -56 40.2 |
Pollux        | 243 20.9  27 58.4 | 
Procyon       | 244 53.9   5 10.2 | 
Rasalhague    |  96  1.9  12 32.7 |
Regulus       | 207 37.7  11 51.8 |
Rigel         | 281  6.7  -8 10.8 |
Rigil Kent.   | 139 45.0 -60 54.9 |
Sabik         | 102  6.8 -15 44.9 | 
Schedar       | 349 34.6  56 39.3 | 
Shaula        |  96 15.2 -37  7.0 |
Sirius        | 258 28.7 -16 44.8 | 
Spica         | 158 25.8 -11 16.1 |
Suhail        | 222 48.3 -43 30.9 |
Vega          |  80 35.9  38 48.2 |
Zuben'ubi     | 136 59.8 -16  7.6 |


