Paracay Nautical Almanac 2021

2021 September 16 (Thu)  dUT1=UT1-UTC=-0.1105s  dTT=TT-UT1=+69.2945s

UT |        Sun        |               Moon                |   Aries  |    Venus -4.1     |     Mars +1.7     |   Jupiter -2.8    |    Saturn +0.3    |
   |    GHA      Dec   |    GHA     v     Dec      d   HP  |    GHA   |    GHA      Dec   |    GHA      Dec   |    GHA      Dec   |    GHA      Dec   |
 h |   °   '    °   '  |   °   '    '    °   '     '    '  |   °   '  |   °   '    °   '  |   °   '    °   '  |   °   '    °   '  |   °   '    °   '  |
 0 | 181 15.9   2 38.3 |  61 40.2  5.4 -25 23.9  -3.5 58.5 | 355  9.7 | 141 58.2 -14 35.5 | 174 15.1   0 29.3 |  28 26.8 -14 39.1 |  45  8.7 -19 12.7 |
 1 | 196 16.1   2 37.3 |  76  4.6  5.4 -25 20.4  -3.7 58.5 |  10 12.2 | 156 57.9 -14 36.6 | 189 16.1   0 28.7 |  43 29.5 -14 39.2 |  60 11.3 -19 12.7 |
 2 | 211 16.3   2 36.4 |  90 29.0  5.5 -25 16.7  -3.8 58.5 |  25 14.6 | 171 57.7 -14 37.7 | 204 17.1   0 28.0 |  58 32.2 -14 39.3 |  75 13.8 -19 12.7 |
 3 | 226 16.6   2 35.4 | 104 53.5  5.5 -25 12.9  -4.0 58.5 |  40 17.1 | 186 57.4 -14 38.8 | 219 18.1   0 27.4 |  73 34.9 -14 39.4 |  90 16.4 -19 12.8 |
 4 | 241 16.8   2 34.4 | 119 18.0  5.6 -25  8.9  -4.1 58.5 |  55 19.6 | 201 57.1 -14 39.9 | 234 19.1   0 26.7 |  88 37.6 -14 39.4 | 105 19.0 -19 12.8 |
 5 | 256 17.0   2 33.5 | 133 42.6  5.7 -25  4.8  -4.3 58.5 |  70 22.0 | 216 56.9 -14 41.0 | 249 20.1   0 26.1 | 103 40.3 -14 39.5 | 120 21.5 -19 12.8 |
 6 | 271 17.2   2 32.5 | 148  7.3  5.7 -25  0.5  -4.4 58.5 |  85 24.5 | 231 56.6 -14 42.1 | 264 21.1   0 25.4 | 118 43.0 -14 39.6 | 135 24.1 -19 12.8 |
 7 | 286 17.5   2 31.5 | 162 32.0  5.8 -24 56.1  -4.7 58.4 | 100 27.0 | 246 56.3 -14 43.2 | 279 22.0   0 24.7 | 133 45.7 -14 39.7 | 150 26.7 -19 12.9 |
 8 | 301 17.7   2 30.6 | 176 56.8  5.8 -24 51.4  -4.7 58.4 | 115 29.4 | 261 56.1 -14 44.4 | 294 23.0   0 24.1 | 148 48.4 -14 39.8 | 165 29.2 -19 12.9 |
 9 | 316 17.9   2 29.6 | 191 21.6  5.9 -24 46.7  -4.9 58.4 | 130 31.9 | 276 55.8 -14 45.5 | 309 24.0   0 23.4 | 163 51.1 -14 39.8 | 180 31.8 -19 12.9 |
10 | 331 18.1   2 28.6 | 205 46.5  6.0 -24 41.8  -5.1 58.4 | 145 34.4 | 291 55.5 -14 46.6 | 324 25.0   0 22.8 | 178 53.8 -14 39.9 | 195 34.3 -19 12.9 |
11 | 346 18.4   2 27.7 | 220 11.5  6.1 -24 36.7  -5.2 58.4 | 160 36.8 | 306 55.3 -14 47.7 | 339 26.0   0 22.1 | 193 56.5 -14 40.0 | 210 36.9 -19 13.0 |
12 |   1 18.6   2 26.7 | 234 36.6  6.1 -24 31.5  -5.4 58.4 | 175 39.3 | 321 55.0 -14 48.8 | 354 27.0   0 21.4 | 208 59.2 -14 40.1 | 225 39.5 -19 13.0 |
13 |  16 18.8   2 25.7 | 249  1.7  6.2 -24 26.1  -5.5 58.3 | 190 41.7 | 336 54.7 -14 49.9 |   9 28.0   0 20.8 | 224  1.9 -14 40.2 | 240 42.0 -19 13.0 |
14 |  31 19.0   2 24.8 | 263 26.9  6.3 -24 20.6  -5.7 58.3 | 205 44.2 | 351 54.5 -14 51.0 |  24 29.0   0 20.1 | 239  4.6 -14 40.2 | 255 44.6 -19 13.0 |
15 |  46 19.3   2 23.8 | 277 52.2  6.3 -24 14.9  -5.8 58.3 | 220 46.7 |   6 54.2 -14 52.1 |  39 29.9   0 19.5 | 254  7.3 -14 40.3 | 270 47.2 -19 13.1 |
16 |  61 19.5   2 22.8 | 292 17.5  6.4 -24  9.1  -6.0 58.3 | 235 49.1 |  21 53.9 -14 53.2 |  54 30.9   0 18.8 | 269 10.0 -14 40.4 | 285 49.7 -19 13.1 |
17 |  76 19.7   2 21.9 | 306 42.9  6.5 -24  3.1  -6.1 58.3 | 250 51.6 |  36 53.7 -14 54.3 |  69 31.9   0 18.1 | 284 12.7 -14 40.5 | 300 52.3 -19 13.1 |
18 |  91 19.9   2 20.9 | 321  8.4  6.6 -23 57.0  -6.3 58.3 | 265 54.1 |  51 53.4 -14 55.4 |  84 32.9   0 17.5 | 299 15.4 -14 40.5 | 315 54.9 -19 13.1 |
19 | 106 20.2   2 20.0 | 335 34.0  6.6 -23 50.7  -6.4 58.2 | 280 56.5 |  66 53.1 -14 56.5 |  99 33.9   0 16.8 | 314 18.1 -14 40.6 | 330 57.4 -19 13.2 |
20 | 121 20.4   2 19.0 | 349 59.6  6.8 -23 44.3  -6.5 58.2 | 295 59.0 |  81 52.9 -14 57.6 | 114 34.9   0 16.2 | 329 20.8 -14 40.7 | 346  0.0 -19 13.2 |
21 | 136 20.6   2 18.0 |   4 25.4  6.8 -23 37.8  -6.7 58.2 | 311  1.5 |  96 52.6 -14 58.7 | 129 35.9   0 15.5 | 344 23.5 -14 40.8 |   1  2.5 -19 13.2 |
22 | 151 20.8   2 17.1 |  18 51.2  6.9 -23 31.1  -6.8 58.2 | 326  3.9 | 111 52.3 -14 59.8 | 144 36.9   0 14.9 | 359 26.2 -14 40.9 |  16  5.1 -19 13.2 |
23 | 166 21.1   2 16.1 |  33 17.1  6.9 -23 24.3  -7.0 58.2 | 341  6.4 | 126 52.1 -15  0.9 | 159 37.8   0 14.2 |  14 28.9 -14 40.9 |  31  7.7 -19 13.3 |
 0 | 181 21.3   2 15.1 |  47 43.0  7.1 -23 17.3  -7.1 58.2 | 356  8.9 | 141 51.8 -15  2.1 | 174 38.8   0 13.5 |  29 31.6 -14 41.0 |  46 10.2 -19 13.3 |
 1 | 196 21.5   2 14.2 |  62  9.1  7.1 -23 10.2  -7.2 58.1 |  11 11.3 | 156 51.5 -15  3.2 | 189 39.8   0 12.9 |  44 34.3 -14 41.1 |  61 12.8 -19 13.3 |
 2 | 211 21.7   2 13.2 |  76 35.2  7.3 -23  3.0  -7.4 58.1 |  26 13.8 | 171 51.3 -15  4.3 | 204 40.8   0 12.2 |  59 37.0 -14 41.2 |  76 15.3 -19 13.3 |
 3 | 226 21.9   2 12.2 |  91  1.5  7.3 -22 55.6  -7.5 58.1 |  41 16.2 | 186 51.0 -15  5.4 | 219 41.8   0 11.6 |  74 39.6 -14 41.2 |  91 17.9 -19 13.4 |
 4 | 241 22.2   2 11.3 | 105 27.8  7.4 -22 48.1  -7.6 58.1 |  56 18.7 | 201 50.7 -15  6.5 | 234 42.8   0 10.9 |  89 42.3 -14 41.3 | 106 20.5 -19 13.4 |
 5 | 256 22.4   2 10.3 | 119 54.2  7.5 -22 40.5  -7.8 58.1 |  71 21.2 | 216 50.4 -15  7.6 | 249 43.8   0 10.2 | 104 45.0 -14 41.4 | 121 23.0 -19 13.4 |
 6 | 271 22.6   2  9.3 | 134 20.7  7.5 -22 32.7  -7.9 58.1 |  86 23.6 | 231 50.2 -15  8.7 | 264 44.7   0  9.6 | 119 47.7 -14 41.5 | 136 25.6 -19 13.4 |
 7 | 286 22.8   2  8.4 | 148 47.2  7.7 -22 24.8  -8.0 58.0 | 101 26.1 | 246 49.9 -15  9.7 | 279 45.7   0  8.9 | 134 50.4 -14 41.5 | 151 28.2 -19 13.5 |
 8 | 301 23.1   2  7.4 | 163 13.9  7.7 -22 16.8  -8.2 58.0 | 116 28.6 | 261 49.6 -15 10.8 | 294 46.7   0  8.3 | 149 53.1 -14 41.6 | 166 30.7 -19 13.5 |
 9 | 316 23.3   2  6.4 | 177 40.6  7.9 -22  8.6  -8.2 58.0 | 131 31.0 | 276 49.4 -15 11.9 | 309 47.7   0  7.6 | 164 55.8 -14 41.7 | 181 33.3 -19 13.5 |
10 | 331 23.5   2  5.5 | 192  7.5  7.9 -22  0.4  -8.4 58.0 | 146 33.5 | 291 49.1 -15 13.0 | 324 48.7   0  6.9 | 179 58.5 -14 41.8 | 196 35.8 -19 13.5 |
11 | 346 23.7   2  4.5 | 206 34.4  8.0 -21 52.0  -8.5 58.0 | 161 36.0 | 306 48.8 -15 14.1 | 339 49.7   0  6.3 | 195  1.2 -14 41.9 | 211 38.4 -19 13.6 |
12 |   1 24.0   2  3.5 | 221  1.4  8.1 -21 43.5  -8.7 58.0 | 176 38.4 | 321 48.5 -15 15.2 | 354 50.7   0  5.6 | 210  3.9 -14 41.9 | 226 41.0 -19 13.6 |
13 |  16 24.2   2  2.6 | 235 28.5  8.2 -21 34.8  -8.8 57.9 | 191 40.9 | 336 48.3 -15 16.3 |   9 51.7   0  5.0 | 225  6.6 -14 42.0 | 241 43.5 -19 13.6 |
14 |  31 24.4   2  1.6 | 249 55.7  8.3 -21 26.0  -8.8 57.9 | 206 43.4 | 351 48.0 -15 17.4 |  24 52.6   0  4.3 | 240  9.3 -14 42.1 | 256 46.1 -19 13.6 |
15 |  46 24.6   2  0.6 | 264 23.0  8.3 -21 17.2  -9.0 57.9 | 221 45.8 |   6 47.7 -15 18.5 |  39 53.6   0  3.7 | 255 12.0 -14 42.2 | 271 48.6 -19 13.7 |
16 |  61 24.9   1 59.7 | 278 50.3  8.5 -21  8.2  -9.1 57.9 | 236 48.3 |  21 47.4 -15 19.6 |  54 54.6   0  3.0 | 270 14.7 -14 42.2 | 286 51.2 -19 13.7 |
17 |  76 25.1   1 58.7 | 293 17.8  8.6 -20 59.1  -9.3 57.9 | 251 50.7 |  36 47.2 -15 20.7 |  69 55.6   0  2.3 | 285 17.4 -14 42.3 | 301 53.8 -19 13.7 |
18 |  91 25.3   1 57.7 | 307 45.4  8.6 -20 49.8  -9.3 57.8 | 266 53.2 |  51 46.9 -15 21.8 |  84 56.6   0  1.7 | 300 20.1 -14 42.4 | 316 56.3 -19 13.7 |
19 | 106 25.5   1 56.8 | 322 13.0  8.8 -20 40.5  -9.4 57.8 | 281 55.7 |  66 46.6 -15 22.9 |  99 57.6   0  1.0 | 315 22.8 -14 42.5 | 331 58.9 -19 13.8 |
20 | 121 25.8   1 55.8 | 336 40.8  8.8 -20 31.1  -9.6 57.8 | 296 58.1 |  81 46.3 -15 24.0 | 114 58.6   0  0.4 | 330 25.5 -14 42.5 | 347  1.4 -19 13.8 |
21 | 136 26.0   1 54.8 | 351  8.6  8.9 -20 21.5  -9.7 57.8 | 312  0.6 |  96 46.1 -15 25.1 | 129 59.5  -0  0.3 | 345 28.1 -14 42.6 |   2  4.0 -19 13.8 |
22 | 151 26.2   1 53.9 |   5 36.5  9.0 -20 11.8  -9.7 57.8 | 327  3.1 | 111 45.8 -15 26.2 | 145  0.5  -0  1.0 |   0 30.8 -14 42.7 |  17  6.5 -19 13.8 |
23 | 166 26.4   1 52.9 |  20  4.5  9.1 -20  2.1  -9.9 57.7 | 342  5.5 | 126 45.5 -15 27.2 | 160  1.5  -0  1.6 |  15 33.5 -14 42.8 |  32  9.1 -19 13.9 |
 0 | 181 26.6   1 51.9 |  34 32.6  9.2 -19 52.2 -10.0 57.7 | 357  8.0 | 141 45.2 -15 28.3 | 175  2.5  -0  2.3 |  30 36.2 -14 42.8 |  47 11.7 -19 13.9 |
 1 | 196 26.9   1 51.0 |  49  0.8  9.3 -19 42.2 -10.1 57.7 |  12 10.5 | 156 45.0 -15 29.4 | 190  3.5  -0  2.9 |  45 38.9 -14 42.9 |  62 14.2 -19 13.9 |
 2 | 211 27.1   1 50.0 |  63 29.1  9.4 -19 32.1 -10.2 57.7 |  27 12.9 | 171 44.7 -15 30.5 | 205  4.5  -0  3.6 |  60 41.6 -14 43.0 |  77 16.8 -19 13.9 |
 3 | 226 27.3   1 49.0 |  77 57.5  9.5 -19 21.9 -10.3 57.7 |  42 15.4 | 186 44.4 -15 31.6 | 220  5.5  -0  4.3 |  75 44.3 -14 43.1 |  92 19.3 -19 14.0 |
 4 | 241 27.5   1 48.1 |  92 26.0  9.5 -19 11.6 -10.4 57.7 |  57 17.8 | 201 44.1 -15 32.7 | 235  6.4  -0  4.9 |  90 47.0 -14 43.1 | 107 21.9 -19 14.0 |
 5 | 256 27.8   1 47.1 | 106 54.5  9.7 -19  1.2 -10.4 57.6 |  72 20.3 | 216 43.9 -15 33.8 | 250  7.4  -0  5.6 | 105 49.7 -14 43.2 | 122 24.5 -19 14.0 |
 6 | 271 28.0   1 46.1 | 121 23.2  9.7 -18 50.8 -10.6 57.6 |  87 22.8 | 231 43.6 -15 34.8 | 265  8.4  -0  6.2 | 120 52.4 -14 43.3 | 137 27.0 -19 14.0 |
 7 | 286 28.2   1 45.2 | 135 51.9  9.9 -18 40.2 -10.7 57.6 | 102 25.2 | 246 43.3 -15 35.9 | 280  9.4  -0  6.9 | 135 55.0 -14 43.4 | 152 29.6 -19 14.1 |
 8 | 301 28.4   1 44.2 | 150 20.8  9.9 -18 29.5 -10.7 57.6 | 117 27.7 | 261 43.0 -15 37.0 | 295 10.4  -0  7.6 | 150 57.7 -14 43.4 | 167 32.1 -19 14.1 |
 9 | 316 28.7   1 43.2 | 164 49.7 10.0 -18 18.8 -10.9 57.6 | 132 30.2 | 276 42.8 -15 38.1 | 310 11.4  -0  8.2 | 166  0.4 -14 43.5 | 182 34.7 -19 14.1 |
10 | 331 28.9   1 42.3 | 179 18.7 10.1 -18  7.9 -10.9 57.5 | 147 32.6 | 291 42.5 -15 39.2 | 325 12.4  -0  8.9 | 181  3.1 -14 43.6 | 197 37.2 -19 14.1 |
11 | 346 29.1   1 41.3 | 193 47.8 10.2 -17 57.0 -11.1 57.5 | 162 35.1 | 306 42.2 -15 40.3 | 340 13.3  -0  9.5 | 196  5.8 -14 43.7 | 212 39.8 -19 14.2 |
12 |   1 29.3   1 40.3 | 208 17.0 10.3 -17 45.9 -11.1 57.5 | 177 37.6 | 321 41.9 -15 41.3 | 355 14.3  -0 10.2 | 211  8.5 -14 43.7 | 227 42.3 -19 14.2 |
13 |  16 29.6   1 39.3 | 222 46.3 10.4 -17 34.8 -11.2 57.5 | 192 40.0 | 336 41.6 -15 42.4 |  10 15.3  -0 10.9 | 226 11.2 -14 43.8 | 242 44.9 -19 14.2 |
14 |  31 29.8   1 38.4 | 237 15.7 10.4 -17 23.6 -11.3 57.5 | 207 42.5 | 351 41.4 -15 43.5 |  25 16.3  -0 11.5 | 241 13.9 -14 43.9 | 257 47.5 -19 14.2 |
15 |  46 30.0   1 37.4 | 251 45.1 10.6 -17 12.3 -11.4 57.4 | 222 45.0 |   6 41.1 -15 44.6 |  40 17.3  -0 12.2 | 256 16.6 -14 44.0 | 272 50.0 -19 14.2 |
16 |  61 30.2   1 36.4 | 266 14.7 10.6 -17  0.9 -11.4 57.4 | 237 47.4 |  21 40.8 -15 45.7 |  55 18.3  -0 12.8 | 271 19.2 -14 44.0 | 287 52.6 -19 14.3 |
17 |  76 30.5   1 35.5 | 280 44.3 10.8 -16 49.5 -11.5 57.4 | 252 49.9 |  36 40.5 -15 46.7 |  70 19.3  -0 13.5 | 286 21.9 -14 44.1 | 302 55.1 -19 14.3 |
18 |  91 30.7   1 34.5 | 295 14.1 10.8 -16 38.0 -11.7 57.4 | 267 52.3 |  51 40.2 -15 47.8 |  85 20.2  -0 14.1 | 301 24.6 -14 44.2 | 317 57.7 -19 14.3 |
19 | 106 30.9   1 33.5 | 309 43.9 10.9 -16 26.3 -11.6 57.4 | 282 54.8 |  66 40.0 -15 48.9 | 100 21.2  -0 14.8 | 316 27.3 -14 44.3 | 333  0.2 -19 14.3 |
20 | 121 31.1   1 32.6 | 324 13.8 11.0 -16 14.7 -11.8 57.3 | 297 57.3 |  81 39.7 -15 50.0 | 115 22.2  -0 15.5 | 331 30.0 -14 44.3 | 348  2.8 -19 14.4 |
21 | 136 31.4   1 31.6 | 338 43.8 11.0 -16  2.9 -11.8 57.3 | 312 59.7 |  96 39.4 -15 51.0 | 130 23.2  -0 16.1 | 346 32.7 -14 44.4 |   3  5.4 -19 14.4 |
22 | 151 31.6   1 30.6 | 353 13.8 11.2 -15 51.1 -11.9 57.3 | 328  2.2 | 111 39.1 -15 52.1 | 145 24.2  -0 16.8 |   1 35.4 -14 44.5 |  18  7.9 -19 14.4 |
23 | 166 31.8   1 29.7 |   7 44.0 11.2 -15 39.2 -12.0 57.3 | 343  4.7 | 126 38.8 -15 53.2 | 160 25.2  -0 17.4 |  16 38.0 -14 44.5 |  33 10.5 -19 14.4 |
   |  SD 15.9  d  -1.0 |                SD 15.8            |          |  v  -0.3  d   1.1 |  v   1.0  d  -0.7 |  v   2.7  d   0.1 |  v   2.6  d   0.0 |
   | EoT +05:25 +05:35 |      Age 10d   Phase  86%         |      SHA | 145 42.9          | 178 30.0          |  33 22.7          |  50  1.4          |
   | MP    11:54       |    Upper 21:37    Lower 09:10     |  00:15   |       14:33       |       12:21       |       21:58       |       20:52       |

Star          |    SHA      Dec   | 
              |   °   '    °   '  | 
Acamar        | 315 13.6 -40 12.9 | 
Achernar      | 335 21.8 -57  7.5 | 
Acrux         | 173  3.7 -63 13.1 | 
Adhara        | 255  8.1 -28 59.8 | 
Aldebaran     | 290 42.6  16 33.2 | 
Alioth        | 166 15.9  55 50.8 | 
Alkaid        | 152 54.6  49 12.6 | 
Alnair        |  27 35.9 -46 51.4 | 
Alnilam       | 275 40.5  -1 11.2 | 
Alphard       | 217 50.7  -8 44.9 | 
Alphecca      | 126  6.2  26 38.8 | 
Alpheratz     | 357 37.2  29 12.6 | 
Altair        |  62  2.4   8 55.7 | 
Ankaa         | 353  9.4 -42 11.2 | 
Antares       | 112 19.3 -26 28.7 | 
Arcturus      | 145 50.7  19  4.4 | 
Atria         | 107 16.0 -69  4.1 | 
Avior         | 234 16.2 -59 34.4 | 
Bellatrix     | 278 25.8   6 22.2 | 
Betelgeuse    | 270 55.0   7 24.7 | 
Canopus       | 263 53.7 -52 42.1 | 
Capella       | 280 25.8  46  1.0 | 
Deneb         |  49 27.3  45 21.7 | 
Denebola      | 182 28.1  14 27.3 | 
Diphda        | 348 49.7 -17 52.0 | 
Dubhe         | 193 45.1  61 38.1 | 
Elnath        | 278  5.3  28 37.5 | 
Eltanin       |  90 43.4  51 29.5 | 
Enif          |  33 41.2   9 58.6 | 
Fomalhaut     |  15 17.2 -29 30.4 | 
Gacrux        | 171 55.2 -57 14.0 | 
Gienah        | 175 46.7 -17 39.5 | 
Hadar         | 148 40.3 -60 28.6 | 
Hamal         | 327 54.0  23 33.8 | 
Kaus Aust.    |  83 36.0 -34 22.5 | 
Kochab        | 137 20.6  74  4.3 | 
Markab        |  13 32.3  15 19.4 | 
Menkar        | 314  8.8   4 10.5 | 
Menkent       | 148  1.1 -36 28.5 | 
Miaplacidus   | 221 39.5 -69 48.1 | 
Mirfak        | 308 31.8  49 56.1 | 
Nunki         |  75 51.0 -26 16.2 | 
Peacock       |  53  9.6 -56 40.1 | 
Pollux        | 243 20.8  27 58.4 | 
Procyon       | 244 53.8   5 10.3 | 
Rasalhague    |  96  1.1  12 32.9 | 
Regulus       | 207 37.6  11 51.8 | 
Rigel         | 281  6.4  -8 10.5 | 
Rigil Kent.   | 139 44.5 -60 55.5 | 
Sabik         | 102  5.9 -15 45.0 | 
Schedar       | 349 33.5  56 39.3 | 
Shaula        |  96 14.1 -37  7.2 | 
Sirius        | 258 28.7 -16 44.5 | 
Spica         | 158 25.4 -11 16.3 | 
Suhail        | 222 48.6 -43 30.9 | 
Vega          |  80 35.0  38 48.5 | 
Zuben'ubi     | 136 59.2 -16  7.8 | 


