NA 2002 (https://en.wikipedia.org/wiki/Nautical_almanac)

2002 May 10 (Fri)  dUT1=UT1-UTC=-0.2167s  dTT=TT-UT1=+64.4007s

UT |        Sun        |               Moon                |   Aries  |    Venus -3.9     |     Mars +1.7     |   Jupiter -2.0    |    Saturn +0.1    |
   |    GHA      Dec   |    GHA     v     Dec      d   HP  |    GHA   |    GHA      Dec   |    GHA      Dec   |    GHA      Dec   |    GHA      Dec   |
 h |   °   '    °   '  |   °   '    '    °   '     '    '  |   °   '  |   °   '    °   '  |   °   '    °   '  |   °   '    °   '  |   °   '    °   '  |
 0 | 180 54.3  17 31.0 | 205 56.8 16.1   4 25.8  12.5 54.4 | 227 37.2 | 151 33.2  23 58.3 | 151  2.2  23 44.9 | 124  5.5  23  4.8 | 154 11.5  21 13.0 |
 1 | 195 54.3  17 31.6 | 220 31.9 16.1   4 38.3  12.4 54.4 | 242 39.7 | 166 32.3  23 58.7 | 166  2.9  23 45.1 | 139  7.5  23  4.7 | 169 13.6  21 13.1 |
 2 | 210 54.3  17 32.3 | 235  7.0 16.0   4 50.7  12.5 54.4 | 257 42.1 | 181 31.5  23 59.1 | 181  3.5  23 45.3 | 154  9.5  23  4.7 | 184 15.8  21 13.1 |
 3 | 225 54.3  17 32.9 | 249 42.0 16.0   5  3.2  12.5 54.4 | 272 44.6 | 196 30.7  23 59.5 | 196  4.2  23 45.4 | 169 11.5  23  4.7 | 199 17.9  21 13.1 |
 4 | 240 54.4  17 33.6 | 264 17.0 16.0   5 15.7  12.4 54.4 | 287 47.1 | 211 29.9  23 59.9 | 211  4.8  23 45.6 | 184 13.5  23  4.6 | 214 20.1  21 13.2 |
 5 | 255 54.4  17 34.3 | 278 52.0 16.0   5 28.1  12.5 54.4 | 302 49.5 | 226 29.1  24  0.3 | 226  5.5  23 45.8 | 199 15.5  23  4.6 | 229 22.2  21 13.2 |
 6 | 270 54.4  17 34.9 | 293 27.0 15.9   5 40.6  12.4 54.5 | 317 52.0 | 241 28.3  24  0.6 | 241  6.1  23 45.9 | 214 17.5  23  4.5 | 244 24.3  21 13.3 |
 7 | 285 54.4  17 35.6 | 308  1.9 15.9   5 53.0  12.4 54.5 | 332 54.4 | 256 27.5  24  1.0 | 256  6.8  23 46.1 | 229 19.4  23  4.5 | 259 26.5  21 13.3 |
 8 | 300 54.5  17 36.2 | 322 36.8 15.8   6  5.4  12.4 54.5 | 347 56.9 | 271 26.6  24  1.4 | 271  7.4  23 46.3 | 244 21.4  23  4.5 | 274 28.6  21 13.3 |
 9 | 315 54.5  17 36.9 | 337 11.6 15.8   6 17.8  12.3 54.5 |   2 59.4 | 286 25.8  24  1.8 | 286  8.1  23 46.4 | 259 23.4  23  4.4 | 289 30.8  21 13.4 |
10 | 330 54.5  17 37.5 | 351 46.4 15.8   6 30.1  12.4 54.5 |  18  1.8 | 301 25.0  24  2.2 | 301  8.7  23 46.6 | 274 25.4  23  4.4 | 304 32.9  21 13.4 |
11 | 345 54.5  17 38.2 |   6 21.2 15.7   6 42.5  12.3 54.5 |  33  4.3 | 316 24.2  24  2.5 | 316  9.4  23 46.8 | 289 27.4  23  4.4 | 319 35.0  21 13.5 |
12 |   0 54.5  17 38.8 |  20 55.9 15.7   6 54.8  12.3 54.5 |  48  6.8 | 331 23.4  24  2.9 | 331 10.0  23 46.9 | 304 29.4  23  4.3 | 334 37.2  21 13.5 |
13 |  15 54.6  17 39.5 |  35 30.6 15.7   7  7.1  12.3 54.5 |  63  9.2 | 346 22.6  24  3.3 | 346 10.7  23 47.1 | 319 31.4  23  4.3 | 349 39.3  21 13.5 |
14 |  30 54.6  17 40.2 |  50  5.3 15.6   7 19.4  12.3 54.6 |  78 11.7 |   1 21.7  24  3.7 |   1 11.3  23 47.3 | 334 33.4  23  4.2 |   4 41.4  21 13.6 |
15 |  45 54.6  17 40.8 |  64 39.9 15.5   7 31.7  12.2 54.6 |  93 14.2 |  16 20.9  24  4.0 |  16 12.0  23 47.4 | 349 35.4  23  4.2 |  19 43.6  21 13.6 |
16 |  60 54.6  17 41.5 |  79 14.4 15.6   7 43.9  12.3 54.6 | 108 16.6 |  31 20.1  24  4.4 |  31 12.6  23 47.6 |   4 37.4  23  4.2 |  34 45.7  21 13.7 |
17 |  75 54.7  17 42.1 |  93 49.0 15.4   7 56.2  12.2 54.6 | 123 19.1 |  46 19.3  24  4.8 |  46 13.3  23 47.7 |  19 39.4  23  4.1 |  49 47.9  21 13.7 |
18 |  90 54.7  17 42.8 | 108 23.4 15.5   8  8.4  12.1 54.6 | 138 21.5 |  61 18.5  24  5.1 |  61 13.9  23 47.9 |  34 41.3  23  4.1 |  64 50.0  21 13.7 |
19 | 105 54.7  17 43.4 | 122 57.9 15.4   8 20.5  12.2 54.6 | 153 24.0 |  76 17.6  24  5.5 |  76 14.6  23 48.1 |  49 43.3  23  4.1 |  79 52.1  21 13.8 |
20 | 120 54.7  17 44.1 | 137 32.3 15.3   8 32.7  12.1 54.6 | 168 26.5 |  91 16.8  24  5.9 |  91 15.2  23 48.2 |  64 45.3  23  4.0 |  94 54.3  21 13.8 |
21 | 135 54.7  17 44.7 | 152  6.6 15.3   8 44.8  12.1 54.7 | 183 28.9 | 106 16.0  24  6.2 | 106 15.9  23 48.4 |  79 47.3  23  4.0 | 109 56.4  21 13.9 |
22 | 150 54.8  17 45.4 | 166 40.9 15.3   8 56.9  12.1 54.7 | 198 31.4 | 121 15.2  24  6.6 | 121 16.5  23 48.6 |  94 49.3  23  3.9 | 124 58.6  21 13.9 |
23 | 165 54.8  17 46.0 | 181 15.2 15.2   9  9.0  12.0 54.7 | 213 33.9 | 136 14.4  24  7.0 | 136 17.1  23 48.7 | 109 51.3  23  3.9 | 140  0.7  21 13.9 |
 0 | 180 54.8  17 46.6 | 195 49.4 15.2   9 21.0  12.0 54.7 | 228 36.3 | 151 13.5  24  7.3 | 151 17.8  23 48.9 | 124 53.3  23  3.9 | 155  2.8  21 14.0 |
 1 | 195 54.8  17 47.3 | 210 23.6 15.1   9 33.0  12.0 54.7 | 243 38.8 | 166 12.7  24  7.7 | 166 18.4  23 49.0 | 139 55.3  23  3.8 | 170  5.0  21 14.0 |
 2 | 210 54.8  17 47.9 | 224 57.7 15.0   9 45.0  11.9 54.7 | 258 41.3 | 181 11.9  24  8.0 | 181 19.1  23 49.2 | 154 57.3  23  3.8 | 185  7.1  21 14.1 |
 3 | 225 54.9  17 48.6 | 239 31.7 15.0   9 56.9  11.9 54.7 | 273 43.7 | 196 11.1  24  8.4 | 196 19.7  23 49.4 | 169 59.3  23  3.7 | 200  9.3  21 14.1 |
 4 | 240 54.9  17 49.2 | 254  5.7 15.0  10  8.8  11.9 54.8 | 288 46.2 | 211 10.3  24  8.8 | 211 20.4  23 49.5 | 185  1.2  23  3.7 | 215 11.4  21 14.1 |
 5 | 255 54.9  17 49.9 | 268 39.7 14.9  10 20.7  11.8 54.8 | 303 48.7 | 226  9.4  24  9.1 | 226 21.0  23 49.7 | 200  3.2  23  3.7 | 230 13.5  21 14.2 |
 6 | 270 54.9  17 50.5 | 283 13.6 14.9  10 32.5  11.8 54.8 | 318 51.1 | 241  8.6  24  9.5 | 241 21.7  23 49.8 | 215  5.2  23  3.6 | 245 15.7  21 14.2 |
 7 | 285 54.9  17 51.2 | 297 47.5 14.8  10 44.3  11.8 54.8 | 333 53.6 | 256  7.8  24  9.8 | 256 22.3  23 50.0 | 230  7.2  23  3.6 | 260 17.8  21 14.3 |
 8 | 300 54.9  17 51.8 | 312 21.3 14.7  10 56.1  11.7 54.8 | 348 56.0 | 271  7.0  24 10.2 | 271 23.0  23 50.1 | 245  9.2  23  3.6 | 275 19.9  21 14.3 |
 9 | 315 55.0  17 52.5 | 326 55.0 14.7  11  7.8  11.7 54.8 |   3 58.5 | 286  6.2  24 10.5 | 286 23.7  23 50.3 | 260 11.2  23  3.5 | 290 22.1  21 14.3 |
10 | 330 55.0  17 53.1 | 341 28.7 14.6  11 19.5  11.7 54.9 |  19  1.0 | 301  5.3  24 10.9 | 301 24.3  23 50.5 | 275 13.2  23  3.5 | 305 24.2  21 14.4 |
11 | 345 55.0  17 53.7 | 356  2.3 14.6  11 31.2  11.6 54.9 |  34  3.4 | 316  4.5  24 11.2 | 316 24.9  23 50.6 | 290 15.2  23  3.4 | 320 26.4  21 14.4 |
12 |   0 55.0  17 54.4 |  10 35.9 14.5  11 42.8  11.6 54.9 |  49  5.9 | 331  3.7  24 11.6 | 331 25.6  23 50.8 | 305 17.1  23  3.4 | 335 28.5  21 14.5 |
13 |  15 55.0  17 55.0 |  25  9.4 14.4  11 54.4  11.5 54.9 |  64  8.4 | 346  2.9  24 11.9 | 346 26.2  23 50.9 | 320 19.1  23  3.4 | 350 30.6  21 14.5 |
14 |  30 55.0  17 55.7 |  39 42.8 14.4  12  5.9  11.5 54.9 |  79 10.8 |   1  2.0  24 12.3 |   1 26.9  23 51.1 | 335 21.1  23  3.3 |   5 32.8  21 14.5 |
15 |  45 55.0  17 56.3 |  54 16.2 14.4  12 17.4  11.5 54.9 |  94 13.3 |  16  1.2  24 12.6 |  16 27.5  23 51.2 | 350 23.1  23  3.3 |  20 34.9  21 14.6 |
16 |  60 55.1  17 56.9 |  68 49.6 14.2  12 28.9  11.4 54.9 | 109 15.8 |  31  0.4  24 12.9 |  31 28.2  23 51.4 |   5 25.1  23  3.2 |  35 37.1  21 14.6 |
17 |  75 55.1  17 57.6 |  83 22.8 14.3  12 40.3  11.3 55.0 | 124 18.2 |  45 59.6  24 13.3 |  46 28.8  23 51.5 |  20 27.1  23  3.2 |  50 39.2  21 14.7 |
18 |  90 55.1  17 58.2 |  97 56.1 14.1  12 51.6  11.3 55.0 | 139 20.7 |  60 58.8  24 13.6 |  61 29.5  23 51.7 |  35 29.1  23  3.2 |  65 41.3  21 14.7 |
19 | 105 55.1  17 58.8 | 112 29.2 14.1  13  2.9  11.3 55.0 | 154 23.1 |  75 57.9  24 14.0 |  76 30.1  23 51.9 |  50 31.1  23  3.1 |  80 43.5  21 14.7 |
20 | 120 55.1  17 59.5 | 127  2.3 14.0  13 14.2  11.2 55.0 | 169 25.6 |  90 57.1  24 14.3 |  91 30.8  23 52.0 |  65 33.0  23  3.1 |  95 45.6  21 14.8 |
21 | 135 55.1  18  0.1 | 141 35.3 14.0  13 25.4  11.1 55.0 | 184 28.1 | 105 56.3  24 14.6 | 106 31.4  23 52.2 |  80 35.0  23  3.0 | 110 47.7  21 14.8 |
22 | 150 55.1  18  0.8 | 156  8.3 13.9  13 36.5  11.2 55.0 | 199 30.5 | 120 55.5  24 15.0 | 121 32.1  23 52.3 |  95 37.0  23  3.0 | 125 49.9  21 14.9 |
23 | 165 55.2  18  1.4 | 170 41.2 13.8  13 47.7  11.0 55.1 | 214 33.0 | 135 54.6  24 15.3 | 136 32.7  23 52.5 | 110 39.0  23  3.0 | 140 52.0  21 14.9 |
 0 | 180 55.2  18  2.0 | 185 14.0 13.7  13 58.7  11.0 55.1 | 229 35.5 | 150 53.8  24 15.6 | 151 33.4  23 52.6 | 125 41.0  23  2.9 | 155 54.2  21 14.9 |
 1 | 195 55.2  18  2.7 | 199 46.7 13.7  14  9.7  11.0 55.1 | 244 37.9 | 165 53.0  24 16.0 | 166 34.0  23 52.8 | 140 43.0  23  2.9 | 170 56.3  21 15.0 |
 2 | 210 55.2  18  3.3 | 214 19.4 13.7  14 20.7  10.9 55.1 | 259 40.4 | 180 52.2  24 16.3 | 181 34.7  23 52.9 | 155 45.0  23  2.9 | 185 58.4  21 15.0 |
 3 | 225 55.2  18  3.9 | 228 52.1 13.5  14 31.6  10.8 55.1 | 274 42.9 | 195 51.3  24 16.6 | 196 35.3  23 53.1 | 170 46.9  23  2.8 | 201  0.6  21 15.0 |
 4 | 240 55.2  18  4.6 | 243 24.6 13.5  14 42.4  10.8 55.1 | 289 45.3 | 210 50.5  24 17.0 | 211 35.9  23 53.2 | 185 48.9  23  2.8 | 216  2.7  21 15.1 |
 5 | 255 55.2  18  5.2 | 257 57.1 13.4  14 53.2  10.7 55.2 | 304 47.8 | 225 49.7  24 17.3 | 226 36.6  23 53.4 | 200 50.9  23  2.7 | 231  4.8  21 15.1 |
 6 | 270 55.2  18  5.8 | 272 29.5 13.4  15  3.9  10.7 55.2 | 319 50.3 | 240 48.9  24 17.6 | 241 37.2  23 53.5 | 215 52.9  23  2.7 | 246  7.0  21 15.2 |
 7 | 285 55.3  18  6.5 | 287  1.9 13.3  15 14.6  10.6 55.2 | 334 52.7 | 255 48.0  24 17.9 | 256 37.9  23 53.7 | 230 54.9  23  2.7 | 261  9.1  21 15.2 |
 8 | 300 55.3  18  7.1 | 301 34.2 13.2  15 25.2  10.5 55.2 | 349 55.2 | 270 47.2  24 18.3 | 271 38.5  23 53.8 | 245 56.9  23  2.6 | 276 11.2  21 15.2 |
 9 | 315 55.3  18  7.7 | 316  6.4 13.1  15 35.7  10.5 55.2 |   4 57.6 | 285 46.4  24 18.6 | 286 39.2  23 54.0 | 260 58.8  23  2.6 | 291 13.4  21 15.3 |
10 | 330 55.3  18  8.3 | 330 38.5 13.1  15 46.2  10.5 55.3 |  20  0.1 | 300 45.5  24 18.9 | 301 39.8  23 54.1 | 276  0.8  23  2.5 | 306 15.5  21 15.3 |
11 | 345 55.3  18  9.0 | 345 10.6 13.0  15 56.7  10.3 55.3 |  35  2.6 | 315 44.7  24 19.2 | 316 40.5  23 54.3 | 291  2.8  23  2.5 | 321 17.7  21 15.4 |
12 |   0 55.3  18  9.6 | 359 42.6 12.9  16  7.0  10.3 55.3 |  50  5.0 | 330 43.9  24 19.5 | 331 41.1  23 54.4 | 306  4.8  23  2.5 | 336 19.8  21 15.4 |
13 |  15 55.3  18 10.2 |  14 14.5 12.8  16 17.3  10.2 55.3 |  65  7.5 | 345 43.1  24 19.9 | 346 41.8  23 54.6 | 321  6.8  23  2.4 | 351 21.9  21 15.4 |
14 |  30 55.3  18 10.9 |  28 46.3 12.8  16 27.5  10.2 55.3 |  80 10.0 |   0 42.2  24 20.2 |   1 42.4  23 54.7 | 336  8.8  23  2.4 |   6 24.1  21 15.5 |
15 |  45 55.3  18 11.5 |  43 18.1 12.7  16 37.7  10.1 55.3 |  95 12.4 |  15 41.4  24 20.5 |  16 43.1  23 54.8 | 351 10.7  23  2.3 |  21 26.2  21 15.5 |
16 |  60 55.4  18 12.1 |  57 49.8 12.6  16 47.8  10.0 55.4 | 110 14.9 |  30 40.6  24 20.8 |  31 43.7  23 55.0 |   6 12.7  23  2.3 |  36 28.3  21 15.6 |
17 |  75 55.4  18 12.7 |  72 21.4 12.6  16 57.8   9.9 55.4 | 125 17.4 |  45 39.8  24 21.1 |  46 44.4  23 55.1 |  21 14.7  23  2.3 |  51 30.5  21 15.6 |
18 |  90 55.4  18 13.4 |  86 53.0 12.4  17  7.7   9.9 55.4 | 140 19.8 |  60 38.9  24 21.4 |  61 45.0  23 55.3 |  36 16.7  23  2.2 |  66 32.6  21 15.6 |
19 | 105 55.4  18 14.0 | 101 24.4 12.4  17 17.6   9.8 55.4 | 155 22.3 |  75 38.1  24 21.7 |  76 45.7  23 55.4 |  51 18.7  23  2.2 |  81 34.8  21 15.7 |
20 | 120 55.4  18 14.6 | 115 55.8 12.4  17 27.4   9.8 55.4 | 170 24.8 |  90 37.3  24 22.0 |  91 46.3  23 55.6 |  66 20.7  23  2.1 |  96 36.9  21 15.7 |
21 | 135 55.4  18 15.2 | 130 27.2 12.2  17 37.2   9.6 55.5 | 185 27.2 | 105 36.4  24 22.3 | 106 47.0  23 55.7 |  81 22.6  23  2.1 | 111 39.0  21 15.8 |
22 | 150 55.4  18 15.9 | 144 58.4 12.2  17 46.8   9.6 55.5 | 200 29.7 | 120 35.6  24 22.7 | 121 47.6  23 55.9 |  96 24.6  23  2.1 | 126 41.2  21 15.8 |
23 | 165 55.4  18 16.5 | 159 29.6 12.1  17 56.4   9.5 55.5 | 215 32.1 | 135 34.8  24 23.0 | 136 48.3  23 56.0 | 111 26.6  23  2.0 | 141 43.3  21 15.8 |
   |  SD 15.9  d   0.6 |                SD 15.0            |          |  v  -0.8  d   0.3 |  v   0.6  d   0.2 |  v   2.0  d  -0.0 |  v   2.1  d   0.0 |
   | EoT  03:39  03:40 |      Age 29d   Phase   1%         |      SHA | 282 37.2          | 282 41.5          | 256 17.0          | 286 26.5          |
   | MP    11:56       |    Upper 11:16    Lower 23:38     |  08:44   |       13:56       |       13:54       |       15:38       |       13:38       |

Star          |    SHA      Dec   | 
              |   °   '    °   '  | 
Acamar        | 315 25.3 -40 17.8 |
Achernar      | 335 33.7 -57 13.5 | 
Acrux         | 173 18.8 -63  6.9 |
Adhara        | 255 19.7 -28 58.7 | 
Aldebaran     | 290 59.8  16 30.8 | 
Alioth        | 166 27.8  55 57.1 | 
Alkaid        | 153  5.2  49 18.2 | 
Alnair        |  27 54.7 -46 56.9 | 
Alnilam       | 275 55.6  -1 12.1 | 
Alphard       | 218  4.7  -8 40.2 | 
Alphecca      | 126 18.0  26 42.4 | 
Alpheratz     | 357 52.9  29  5.9 | 
Altair        |  62 16.6   8 52.3 | 
Ankaa         | 353 24.6 -42 17.6 |
Antares       | 112 36.7 -26 26.2 | 
Arcturus      | 146  3.4  19 10.3 | 
Atria         | 107 46.0 -69  1.8 | 
Avior         | 234 21.9 -59 31.3 |
Bellatrix     | 278 41.7   6 21.0 | 
Betelgeuse    | 271 11.1   7 24.4 | 
Canopus       | 264  0.4 -52 42.0 |
Capella       | 280 47.9  46  0.1 | 
Deneb         |  49 37.4  45 16.9 | 
Denebola      | 182 42.4  14 33.6 | 
Diphda        | 349  4.9 -17 58.6 | 
Dubhe         | 194  1.9  61 44.6 | 
Elnath        | 278 24.1  28 36.6 | 
Eltanin       |  90 49.8  51 29.1 | 
Enif          |  33 55.8   9 52.9 | 
Fomalhaut     |  15 33.7 -29 36.6 | 
Gacrux        | 172 10.5 -57  7.7 |
Gienah        | 176  1.1 -17 33.3 | 
Hadar         | 148 59.9 -60 23.1 | 
Hamal         | 328 11.1  23 28.2 |
Kaus Aust.    |  83 55.1 -34 23.0 | 
Kochab        | 137 18.2  74  8.9 | 
Markab        |  13 47.2  15 12.8 | 
Menkar        | 314 24.6   4  5.8 | 
Menkent       | 148 17.6 -36 22.9 | 
Miaplacidus   | 221 41.8 -69 43.8 | 
Mirfak        | 308 53.5  49 52.1 |
Nunki         |  76  8.9 -26 17.6 | 
Peacock       |  53 32.7 -56 43.5 | 
Pollux        | 243 38.6  28  1.4 | 
Procyon       | 245  9.1   5 13.1 | 
Rasalhague    |  96 14.3  12 33.4 | 
Regulus       | 207 52.8  11 57.4 | 
Rigel         | 281 20.8  -8 12.0 | 
Rigil Kent.   | 140  3.3 -60 50.7 | 
Sabik         | 102 22.3 -15 43.7 | 
Schedar       | 349 51.2  56 32.7 | 
Shaula        |  96 33.5 -37  6.3 | 
Sirius        | 258 41.7 -16 43.3 | 
Spica         | 158 40.2 -11 10.4 | 
Suhail        | 222 59.0 -43 26.7 | 
Vega          |  80 44.6  38 46.9 | 
Zuben'ubi     | 137 14.8 -16  3.1 | 


